
 N = 16777216, T =   6.266173746426290e-01, err =  1.46549e-14,
 time =  1.16319e-01

