
 N = 16777216, T =   6.266173746426134e-01, err =  9.99201e-16,
 time =  6.99563e-02

