
 N = 16777216, T =   6.266173746426499e-01, err =  3.55271e-14,
 time =  4.70321e-01

