
 N = 16777216, T =   6.266173746425991e-01, err =  1.52101e-14,
 time =  2.30084e-01

