
 N = 16777216, T =   6.266173746426161e-01, err =  1.77636e-15,
 time =  3.67846e-02

